%YAML:1.0
---
camera_name: Alex_Run_1_NO_FISHEYE_right
image_width: 640
image_height: 480
camera_matrix:
   rows: 3
   cols: 3
   data: [ 2.2631199226345580e+03, 0., 3.5331760098227153e+02, 0.,
       1.7058087028055611e+03, 2.9083350581248942e+02, 0., 0., 1. ]
distortion_coefficients:
   rows: 1
   cols: 5
   data: [ -7.7180315040462268e+00, 1.3193051313376668e+02,
       6.0804682533020973e-02, -6.2879596717278219e-02,
       -1.0139728540708874e+03 ]
distortion_model: plumb_bob
rectification_matrix:
   rows: 3
   cols: 3
   data: [ 2.6531576304268967e-01, -3.0241432191637489e-02,
       -9.6368719077306086e-01, 8.5621926782965929e-02,
       9.9629800742014463e-01, -7.6919480381445991e-03,
       9.6035224346853465e-01, -8.0471959027028098e-02,
       2.6692289574951145e-01 ]
projection_matrix:
   rows: 3
   cols: 4
   data: [ 1.2197154444683722e+04, 0., 4.6968841934204102e+03,
       -2.6121182778907343e+04, 0., 1.2197154444683722e+04,
       3.7875510025024414e+02, 0., 0., 0., 1., 0. ]
