%YAML:1.0
---
camera_name: Alex_Run_1_NO_FISHEYE_left
image_width: 640
image_height: 480
camera_matrix:
   rows: 3
   cols: 3
   data: [ 6.6883761447697123e+02, 0., 3.2240777138810455e+02, 0.,
       6.6045817301004297e+02, 2.3817224827641550e+02, 0., 0., 1. ]
distortion_coefficients:
   rows: 1
   cols: 5
   data: [ -1.1252869582079932e+00, 2.0603082991159187e+00,
       7.4647553976383372e-03, 1.6665746556669739e-03,
       -1.9720964238288679e+00 ]
distortion_model: plumb_bob
rectification_matrix:
   rows: 3
   cols: 3
   data: [ 7.3677611921006758e-01, -9.2517358474113770e-02,
       -6.6977719320884943e-01, 5.9519094356574646e-02,
       9.9562326475036234e-01, -7.2054091450816815e-02,
       6.7351200996621086e-01, 1.3223201911860882e-02,
       7.3905799458667165e-01 ]
projection_matrix:
   rows: 3
   cols: 4
   data: [ 1.2197154444683722e+04, 0., 4.6968841934204102e+03, 0., 0.,
       1.2197154444683722e+04, 3.7875510025024414e+02, 0., 0., 0., 1.,
       0. ]
