%YAML:1.0
---
camera_name: Alex_Run_1_NO_FISHEYE
rotation_matrix:
   rows: 3
   cols: 3
   data: [ 8.4738322757309048e-01, 7.3399800341512556e-02,
       5.2588414592725452e-01, -1.7181240808814412e-02,
       9.9367123527231238e-01, -1.1100577082596320e-01,
       -5.3070375030904149e-01, 8.5029086213029639e-02,
       8.4328143813657830e-01 ]
translation_matrix:
   rows: 3
   cols: 1
   data: [ -5.6819494841963414e-01, 6.4764448245385714e-02,
       2.0638132743204447e+00 ]
essential_matrix:
   rows: 3
   cols: 3
   data: [ 1.0881372800052996e-03, -2.0452450238119959e+00,
       2.8370984041328690e-01, 1.4472975634688943e+00,
       1.9979657953226493e-01, 1.5644749343645856e+00,
       -4.5118012951015703e-02, -5.6935267384206523e-01,
       2.9014321676765348e-02 ]
fundamental_matrix:
   rows: 3
   cols: 3
   data: [ -1.8537264097199407e-08, 3.5284393980463762e-05,
       -1.1630424606482830e-02, -3.2711240994148871e-05,
       -4.5730148217528373e-06, -1.2014331791119661e-02,
       1.1259554600885164e-02, 1.1092712218939800e-02, 1. ]
