%YAML:1.0
---
camera_name: blastoise_right
image_width: 640
image_height: 480
camera_matrix:
   rows: 3
   cols: 3
   data: [ 3.0314034041393160e+02, 0., 3.1391431296329688e+02, 0.,
       3.0385808149021989e+02, 2.6402079568325189e+02, 0., 0., 1. ]
distortion_coefficients:
   rows: 1
   cols: 4
   data: [ -3.3227268747137224e-02, 2.5833088285009981e-03,
       -1.9726484797762723e-02, 1.3858178087226256e-02 ]
distortion_model: equidistant
rectification_matrix:
   rows: 3
   cols: 3
   data: [ -9.9988010594919019e-01, 1.3625035172119583e-02,
       -7.3574549672504354e-03, -1.3630139781242508e-02,
       -9.9990689787666498e-01, 6.4410263842331836e-04,
       -7.3479940514676809e-03, 7.4430855398666769e-04,
       9.9997272612216570e-01 ]
projection_matrix:
   rows: 3
   cols: 4
   data: [ 3.0564876007249899e+02, 0., 6.6905587768554688e+02,
       -2.0631422380432419e+01, 0., 3.0564876007249899e+02,
       1.1102011108398438e+02, 0., 0., 0., 1., 0. ]
