%YAML:1.0
---
camera_name: Stereopi_TrackerMapper_bulbasaur
rotation_matrix:
   rows: 3
   cols: 3
   data: [ 9.9996620414208237e-01, 8.2211919214398264e-03,
       5.0764811704838662e-05, -8.2211574960914142e-03,
       9.9996599788238438e-01, -6.4470808255968047e-04,
       -5.6063354473770867e-05, 6.4426894858463861e-04,
       9.9999979088718927e-01 ]
translation_matrix:
   rows: 3
   cols: 1
   data: [ 6.7411802474907093e-02, -7.7757240356186820e-04,
       -3.0728766691541759e-04 ]
