%YAML:1.0
---
camera_name: Stereopi_TrackerMapper_bulbasaur_left
image_width: 640
image_height: 480
camera_matrix:
   rows: 3
   cols: 3
   data: [ 3.0597345529411041e+02, 0., 2.9314505758871775e+02, 0.,
       3.0677375653541674e+02, 2.4515239110319285e+02, 0., 0., 1. ]
distortion_coefficients:
   rows: 1
   cols: 4
   data: [ -3.4123437730854904e-02, -3.3458734975883739e-02,
       1.1796750785175725e-01, -6.8817048185922824e-02 ]
distortion_model: equidistant
rectification_matrix:
   rows: 3
   cols: 3
   data: [ -9.9998437856516964e-01, 3.3157603723206735e-03,
       4.4998176390433587e-03, -3.3143443739025325e-03,
       -9.9999445567123213e-01, 3.2209962345790369e-04,
       4.5008606957423671e-03, 3.0718064652407570e-04,
       9.9998982389474733e-01 ]
projection_matrix:
   rows: 3
   cols: 4
   data: [ 3.0597345529411041e+02, 0., 3.1975680267333984e+04, 0., 0.,
       3.0597345529411041e+02, 3.2072628501892090e+04, 0., 0., 0., 1.,
       0. ]
