%YAML:1.0
---
camera_name: blastoise_left
image_width: 640
image_height: 480
camera_matrix:
   rows: 3
   cols: 3
   data: [ 3.0564876007249899e+02, 0., 2.9276240212897744e+02, 0.,
       3.0627190934074463e+02, 2.4532914827757031e+02, 0., 0., 1. ]
distortion_coefficients:
   rows: 1
   cols: 4
   data: [ -3.7992385676207496e-02, 1.1800415747469602e-02,
       -1.1156770894048918e-02, 4.5627389890054472e-03 ]
distortion_model: equidistant
rectification_matrix:
   rows: 3
   cols: 3
   data: [ -9.9997277617917935e-01, 4.2430072310756101e-03,
       -6.0368692334780878e-03, -4.2391765427676137e-03,
       -9.9999080521282913e-01, -6.4720324245246767e-04,
       -6.0395598137880221e-03, -6.2159426866105786e-04,
       9.9998156849905018e-01 ]
projection_matrix:
   rows: 3
   cols: 4
   data: [ 3.0564876007249899e+02, 0., 6.6905587768554688e+02, 0., 0.,
       3.0564876007249899e+02, 1.1102011108398438e+02, 0., 0., 0., 1.,
       0. ]
