%YAML:1.0
---
camera_name: blastoise
rotation_matrix:
   rows: 3
   cols: 3
   data: [ 9.9995504461076368e-01, 9.3920834062659244e-03,
       -1.3028916974781564e-03, -9.3903776762251246e-03,
       9.9995505241037552e-01, 1.3091852660864507e-03,
       1.3151291128501580e-03, -1.2968917660426869e-03,
       9.9999829425212705e-01 ]
translation_matrix:
   rows: 3
   cols: 1
   data: [ 6.7492335943833456e-02, -9.1969571712828058e-04,
       4.9663136548746113e-04 ]
