%YAML:1.0
---
camera_name: Stereopi_TrackerMapper_charizard_left
image_width: 640
image_height: 480
camera_matrix:
   rows: 3
   cols: 3
   data: [ 3.0584224798289847e+02, 0., 2.9439225189648772e+02, 0.,
       3.0641691366072592e+02, 2.4507088673256285e+02, 0., 0., 1. ]
distortion_coefficients:
   rows: 1
   cols: 5
   data: [ -3.5424489274794813e-01, 1.6884500549951395e-01,
       1.9477827239426537e-04, -4.9405385910056992e-04,
       -4.4255991138389489e-02 ]
distortion_model: plumb_bob
rectification_matrix:
   rows: 3
   cols: 3
   data: [ 9.9900456279435945e-01, -8.7620108223778800e-03,
       4.3739120731897160e-02, 8.8619614399032334e-03,
       9.9995854420253238e-01, -2.0917733600542129e-03,
       -4.3718979350947894e-02, 2.4773055323671781e-03,
       9.9904079686557890e-01 ]
projection_matrix:
   rows: 3
   cols: 4
   data: [ 3.4216056863953355e+02, 0., 2.7594323730468750e+02,
       -2.3149715091748906e+01, 0., 3.4216056863953355e+02,
       2.5509951210021973e+02, 0., 0., 0., 1., 0. ]
