%YAML:1.0
---
camera_name: Stereopi_TrackerMapper_charizard_FISHEYE_pose
rotation_matrix:
   rows: 3
   cols: 3
   data: [ 9.9995504467670659e-01, -9.3903729964268379e-03,
       1.3151123883011196e-03, 9.3920787115397385e-03,
       9.9995505244753480e-01, -1.2968971139834221e-03,
       -1.3028749295797635e-03, 1.3091904506198210e-03,
       9.9999829426718623e-01 ]
translation_matrix:
   rows: 3
   cols: 1
   data: [ -6.7498582626434683e-02, 2.8640666754193650e-04,
       -4.0748008060501284e-04 ]
