%YAML:1.0
---
camera_name: Stereopi_TrackerMapper_charizard_FISHEYE_pose_right
image_width: 640
image_height: 480
camera_matrix:
   rows: 3
   cols: 3
   data: [ 3.0314034041393160e+02, 0., 3.1391431296329688e+02, 0.,
       3.0385808149021989e+02, 2.6402079568325189e+02, 0., 0., 1. ]
distortion_coefficients:
   rows: 1
   cols: 4
   data: [ -3.3227268747137224e-02, 2.5833088285009981e-03,
       -1.9726484797762723e-02, 1.3858178087226256e-02 ]
distortion_model: equidistant
rectification_matrix:
   rows: 3
   cols: 3
   data: [ 9.9988010696329066e-01, -1.3625058781578853e-02,
       7.3572734268159950e-03, 1.3630163276126522e-02,
       9.9990689755464979e-01, -6.4410534954231324e-04,
       -7.3478124734198177e-03, 7.4430896387059245e-04,
       9.9997272745611521e-01 ]
projection_matrix:
   rows: 3
   cols: 4
   data: [ 3.0314034041393160e+02, 0., -2.9054794311523438e+01, 0., 0.,
       3.0314034041393160e+02, 3.6897982025146484e+02, 0., 0., 0., 1.,
       0. ]
