%YAML:1.0
---
camera_name: Stereopi_TrackerMapper_bulbasaur_right
image_width: 640
image_height: 480
camera_matrix:
   rows: 3
   cols: 3
   data: [ 3.0322540385507938e+02, 0., 3.1378272244995549e+02, 0.,
       3.0384165493683571e+02, 2.6411524879576808e+02, 0., 0., 1. ]
distortion_coefficients:
   rows: 1
   cols: 4
   data: [ -3.7968005605276148e-02, 2.5539539937863339e-02,
       -8.1051349966413055e-02, 7.7879692169548445e-02 ]
distortion_model: equidistant
rectification_matrix:
   rows: 3
   cols: 3
   data: [ -9.9992309530041046e-01, 1.1533775630449565e-02,
       4.5580154182063319e-03, -1.1535362351902827e-02,
       -9.9993341365527200e-01, -3.2198000717873230e-04,
       4.5539982714601236e-03, -3.7453360485757676e-04,
       9.9998956035766795e-01 ]
projection_matrix:
   rows: 3
   cols: 4
   data: [ 3.0597345529411041e+02, 0., 3.1975680267333984e+04,
       -2.0627808506267751e+01, 0., 3.0597345529411041e+02,
       3.2072628501892090e+04, 0., 0., 0., 1., 0. ]
