%YAML:1.0
---
camera_name: Stereopi_TrackerMapper_charizard
rotation_matrix:
   rows: 3
   cols: 3
   data: [ 9.9995482474278963e-01, -9.3799957106554827e-03,
       1.5375805945898936e-03, 9.3725553652923826e-03,
       9.9994466711406171e-01, 4.7768102404032392e-03,
       -1.5823019753838561e-03, -4.7621833875205822e-03,
       9.9998740888565307e-01 ]
translation_matrix:
   rows: 3
   cols: 1
   data: [ -6.7590111554936536e-02, 5.9281539943480176e-04,
       -2.9592778248325791e-03 ]
essential_matrix:
   rows: 3
   cols: 3
   data: [ 2.6797982276961702e-05, 2.9562909838031833e-03,
       6.0694384384617933e-04, -3.0660921057254768e-03,
       -2.9411849310401422e-04, 6.7584710391955766e-02,
       -1.2262806815415851e-03, -6.7580810993099399e-02,
       -3.2377663847996314e-04 ]
fundamental_matrix:
   rows: 3
   cols: 3
   data: [ 5.7836204210835899e-08, 6.3667193118331313e-06,
       -1.3115822183916571e-03, -6.6049209948257934e-06,
       -6.3223072864817220e-07, 4.6536066283937701e-02,
       7.9220659037099661e-04, -4.6232631426965883e-02, 1. ]
