%YAML:1.0
---
camera_name: Stereopi_TrackerMapper_charizard_FISHEYE_pose_left
image_width: 640
image_height: 480
camera_matrix:
   rows: 3
   cols: 3
   data: [ 3.0564876007249899e+02, 0., 2.9276240212897744e+02, 0.,
       3.0627190934074463e+02, 2.4532914827757031e+02, 0., 0., 1. ]
distortion_coefficients:
   rows: 1
   cols: 4
   data: [ -3.7992385676207496e-02, 1.1800415747469602e-02,
       -1.1156770894048918e-02, 4.5627389890054472e-03 ]
distortion_model: equidistant
rectification_matrix:
   rows: 3
   cols: 3
   data: [ 9.9997277705531229e-01, -4.2430353285211747e-03,
       6.0367043564813769e-03, 4.2392047270819640e-03,
       9.9999080509162097e-01, 6.4720591289618040e-04,
       -6.0393949670911676e-03, -6.2159746840143222e-04,
       9.9998156949266770e-01 ]
projection_matrix:
   rows: 3
   cols: 4
   data: [ 3.0314034041393160e+02, 0., -2.9054794311523438e+01,
       -2.0462100353461413e+01, 0., 3.0314034041393160e+02,
       3.6897982025146484e+02, 0., 0., 0., 1., 0. ]
