%YAML:1.0
---
camera_name: Stereopi_TrackerMapper_charizard_right
image_width: 640
image_height: 480
camera_matrix:
   rows: 3
   cols: 3
   data: [ 3.0416789999652707e+02, 0., 3.1557262382070724e+02, 0.,
       3.0481935621979022e+02, 2.6572046534683324e+02, 0., 0., 1. ]
distortion_coefficients:
   rows: 1
   cols: 5
   data: [ -3.4325545689802223e-01, 1.4303173481002671e-01,
       -5.1027870601989443e-04, -4.4798698243819643e-04,
       -3.0779542968359230e-02 ]
distortion_model: plumb_bob
rectification_matrix:
   rows: 3
   cols: 3
   data: [ 9.9880810157760147e-01, -1.8340478223096413e-02,
       4.5232765574262104e-02, 1.8237037734164439e-02,
       9.9983004985851454e-01, 2.6984911715654224e-03,
       -4.5274569877920258e-02, -1.8703631915967583e-03,
       9.9897282999283865e-01 ]
projection_matrix:
   rows: 3
   cols: 4
   data: [ 3.4216056863953355e+02, 0., 2.7594323730468750e+02, 0., 0.,
       3.4216056863953355e+02, 2.5509951210021973e+02, 0., 0., 0., 1.,
       0. ]
